8 8
12.731464353632530484679290238111378725603676912642 12.724763332504386521579960479434732461049041577239 12.716995152109991605717120986502562655858874928673 12.707924281955546626144117509686738946266633081324 12.697842392248626924436482642775755227007205741222 12.735365901619125238834264469986692283849679033427 12.690799787932745982797919103506234360436997666305 12.710245475476313887622615914748894421507961169386
12.724763332504386521579960479434732461049041577239 12.722566879950415617373972674603816483355451902054 12.719061765406726394768140172281776207632525108648 12.714131617841576857999057500156474335298317066522   12.7079242819555466261441175096867389462648492257 12.725480920235890843928194113243942113930756371177 12.703247117957455022149542269380260817296669291138  12.71546146627950914472916426216292582227206311566
12.716995152109991605717120986502562655858874928673 12.719061765406726394768140172281776207632525108648 12.719722299556828895376904807259237932886651643705  12.71897460140897507818638159412195493401262521781 12.716821160862515866584743392947481480733541355985  12.71477909371538476978766250871977762081457940837  12.71469682531172475112143263825185007205417942117 12.719289902295858727018862679167554138278698242595
12.707924281955546626144117509686738946266633081324 12.714131617841576857999057500156474335298317066522  12.71897460140897507818638159412195493401262521781 12.722566879950415617373972674603816483351872089124 12.724763332504386521579960479434732461043678473382 12.702939800490084788917455538521243621052382832391 12.725456510264436294787793984432216424024284670003 12.721816052282085859280215222598945581486320309746
12.697842392248626924436482642775755227007205741222   12.7079242819555466261441175096867389462648492257 12.716821160862515866584743392947481480733541355985 12.724763332504386521579960479434732461043678473382 12.731464353632530484679290238111378725596531080565 12.690349247765232098184510919396771152995041651695  12.73515332616713546437889177042508902084725545674 12.722930573571887042974451382001027819509268934382
12.735365901619125238834264469986692283849679033427 12.725480920235890843928194113243942113930756371177  12.71477909371538476978766250871977762081457940837 12.702939800490084788917455538521243621052382832391 12.690349247765232098184510919396771152995041651695  12.74156727375755446536479375465407880079698910033 12.681819869156522719450457790806545574246707585256 12.705916029786194315835917047441281915899701171794
12.690799787932745982797919103506234360436997666305 12.703247117957455022149542269380260817296669291138  12.71469682531172475112143263825185007205417942117 12.725456510264436294787793984432216424024284670003  12.73515332616713546437889177042508902084725545674 12.681819869156522719450457790806545574246707585256 12.740876267442460549224911876700972937525418664111 12.722915815133745633192263381794760504425894759458
12.710245475476313887622615914748894421507961169386  12.71546146627950914472916426216292582227206311566 12.719289902295858727018862679167554138278698242595 12.721816052282085859280215222598945581486320309746 12.722930573571887042974451382001027819509268934382 12.705916029786194315835917047441281915899701171794 12.722915815133745633192263381794760504425894759458 12.721328362066752123580300159606306017052870653774
