8 8
12.731464353632530484679290238111378726023052811803 12.724763332504386521579960479434732461468683550978 12.716995152109991605717120986502562656278731166598 12.707924281955546626144117509686738946686657114935 12.697842392248626924436482642775755227427344616737 12.735365901619125238834264469986692284268845032139  12.69079978793274598279791910350623436085718321488 12.710245475476313887622615914748894421927948985824
12.724763332504386521579960479434732461468683550978 12.722566879950415617373972674603816483775359952076 12.719061765406726394768140172281776208052647396479  12.71413161784157685799905750015647433571860709438 12.707924281955546626144117509686738946685254011918 12.725480920235890843928194113243942114350188426939  12.70324711795745502214954226938026081771712068187 12.715461466279509144729164262162925822692316942619
12.716995152109991605717120986502562656278731166598 12.719061765406726394768140172281776208052647396479 12.719722299556828895376904807259237933306988121138 12.718974601408975078186381594121954934433129363505 12.716821160862515866584743392947481481154160166757 12.714779093715384769787662508719777621234225733403 12.714696825311724751121432638251850072474844764929 12.719289902295858727018862679167554138699166207021
12.707924281955546626144117509686738946686657114935  12.71413161784157685799905750015647433571860709438 12.718974601408975078186381594121954934433129363505 12.722566879950415617373972674603816483772543812894 12.724763332504386521579960479434732461464464756372 12.702939800490084788917455538521243621472196981308 12.725456510264436294787793984432216424445117409367  12.72181605228208585928021522259894558190695587585
12.697842392248626924436482642775755227427344616737 12.707924281955546626144117509686738946685254011918 12.716821160862515866584743392947481481154160166757 12.724763332504386521579960479434732461464464756372 12.731464353632530484679290238111378726017431807725 12.690349247765232098184510919396771153414970693259 12.735153326167135464378891770425089021268202561092 12.722930573571887042974451382001027819930019086547
12.735365901619125238834264469986692284268845032139 12.725480920235890843928194113243942114350188426939 12.714779093715384769787662508719777621234225733403 12.702939800490084788917455538521243621472196981308 12.690349247765232098184510919396771153414970693259 12.741567273757554465364793754654078801215945223616 12.681819869156522719450457790806545574666683344433 12.705916029786194315835917047441281916319479094505
 12.69079978793274598279791910350623436085718321488  12.70324711795745502214954226938026081771712068187 12.714696825311724751121432638251850072474844764929 12.725456510264436294787793984432216424445117409367 12.735153326167135464378891770425089021268202561092 12.681819869156522719450457790806545574666683344433 12.740876267442460549224911876700972937946412093114  12.72291581513374563319226338179476050484669138704
12.710245475476313887622615914748894421927948985824 12.715461466279509144729164262162925822692316942619 12.719289902295858727018862679167554138699166207021  12.72181605228208585928021522259894558190695587585 12.722930573571887042974451382001027819930019086547 12.705916029786194315835917047441281916319479094505  12.72291581513374563319226338179476050484669138704 12.721328362066752123580300159606306017473470056115
