8 8
12.731464353632530484679290238111378724600293769366 12.724763332504386521579960479434732460045586345866 12.716995152109991605717120986502562654855444887789 12.707924281955546626144117509686738945263327774486 12.697842392248626924436482642775755226004122022334 12.735365901619125238834264469986692282846401215032 12.690799787932745982797919103506234359434107551585 12.710245475476313887622615914748894420504616163772
12.724763332504386521579960479434732460045586345866 12.722566879950415617373972674603816482351924540973 12.719061765406726394768140172281776206629022901562 12.714131617841576857999057500156474334294939561139 12.707924281955546626144117509686738945261693281186 12.725480920235890843928194113243942112927406495743 12.703247117957455022149542269380260816293706935974 12.715461466279509144729164262162925821268645918942
12.716995152109991605717120986502562654855444887789 12.719061765406726394768140172281776206629022901562 12.719722299556828895376904807259237931883174549865 12.718974601408975078186381594121954933009272779427  12.71682116086251586658474339294748147973041042817 12.714779093715384769787662508719777619811254745568 12.714696825311724751121432638251850071051242048031 12.719289902295858727018862679167554137275306124605
12.707924281955546626144117509686738945263327774486 12.714131617841576857999057500156474334294939561139 12.718974601408975078186381594121954933009272779427 12.722566879950415617373972674603816482348644244503 12.724763332504386521579960479434732460040672063999 12.702939800490084788917455538521243620049182917361 12.725456510264436294787793984432216423021471759459 12.721816052282085859280215222598945580483052801937
12.697842392248626924436482642775755226004122022334 12.707924281955546626144117509686738945261693281186  12.71682116086251586658474339294748147973041042817 12.724763332504386521579960479434732460040672063999 12.731464353632530484679290238111378724593746008185 12.690349247765232098184510919396771151992063329358  12.73515332616713546437889177042508901984466380774 12.722930573571887042974451382001027818506222882444
12.735365901619125238834264469986692282846401215032 12.725480920235890843928194113243942112927406495743 12.714779093715384769787662508719777619811254745568 12.702939800490084788917455538521243620049182917361 12.690349247765232098184510919396771151992063329358 12.741567273757554465364793754654078799793816580664 12.681819869156522719450457790806545573243922865514 12.705916029786194315835917047441281914896461555464
12.690799787932745982797919103506234359434107551585 12.703247117957455022149542269380260816293706935974 12.714696825311724751121432638251850071051242048031 12.725456510264436294787793984432216423021471759459  12.73515332616713546437889177042508901984466380774 12.681819869156522719450457790806545573243922865514 12.740876267442460549224911876700972936523020379476 12.722915815133745633192263381794760503423042221902
12.710245475476313887622615914748894420504616163772 12.715461466279509144729164262162925821268645918942 12.719289902295858727018862679167554137275306124605 12.721816052282085859280215222598945580483052801937 12.722930573571887042974451382001027818506222882444 12.705916029786194315835917047441281914896461555464 12.722915815133745633192263381794760503423042221902 12.721328362066752123580300159606306016049563478351
