8 8
 12.73146435363253048467929023811137872295150504699 12.724763332504386521579960479434732458396420571341 12.716995152109991605717120986502562653206091996398 12.707924281955546626144117509686738943613975219333 12.697842392248626924436482642775755224354960400972 12.735365901619125238834264469986692281197977965507 12.690799787932745982797919103506234357785168706274 12.710245475476313887622615914748894418855245661503
12.724763332504386521579960479434732458396420571341 12.722566879950415617373972674603816480702381427316 12.719061765406726394768140172281776204979292428668 12.714131617841576857999057500156474332645209220658 12.707924281955546626144117509686738943612153716951 12.725480920235890843928194113243942111278606413771 12.703247117957455022149542269380260814644390070079 12.715461466279509144729164262162925819618897677036
12.716995152109991605717120986502562653206091996398 12.719061765406726394768140172281776204979292428668 12.719722299556828895376904807259237930233256498171 12.718974601408975078186381594121954931359354657653 12.716821160862515866584743392947481478080682904536 12.714779093715384769787662508719777618162267723583 12.714696825311724751121432638251850069401737120324 12.719289902295858727018862679167554135625370148821
12.707924281955546626144117509686738943613975219333 12.714131617841576857999057500156474332645209220658 12.718974601408975078186381594121954931359354657653 12.722566879950415617373972674603816480698725845907 12.724763332504386521579960479434732458390944059661 12.702939800490084788917455538521243618400196369894 12.725456510264436294787793984432216421371966220754 12.721816052282085859280215222598945578833116599807
12.697842392248626924436482642775755224354960400972 12.707924281955546626144117509686738943612153716951 12.716821160862515866584743392947481478080682904536 12.724763332504386521579960479434732458390944059661 12.731464353632530484679290238111378722944208175099  12.69034924776523209818451091939677115034326780994 12.735153326167135464378891770425089018195348286167 12.722930573571887042974451382001027816856477126408
12.735365901619125238834264469986692281197977965507 12.725480920235890843928194113243942111278606413771 12.714779093715384769787662508719777618162267723583 12.702939800490084788917455538521243618400196369894  12.69034924776523209818451091939677115034326780994  12.74156727375755446536479375465407879814575863071 12.681819869156522719450457790806545571595350160129 12.705916029786194315835917047441281913247457031067
12.690799787932745982797919103506234357785168706274 12.703247117957455022149542269380260814644390070079 12.714696825311724751121432638251850069401737120324 12.725456510264436294787793984432216421371966220754 12.735153326167135464378891770425089018195348286167 12.681819869156522719450457790806545571595350160129 12.740876267442460549224911876700972934873927057377 12.722915815133745633192263381794760501773518965712
12.710245475476313887622615914748894418855245661503 12.715461466279509144729164262162925819618897677036 12.719289902295858727018862679167554135625370148821 12.721816052282085859280215222598945578833116599807 12.722930573571887042974451382001027816856477126408 12.705916029786194315835917047441281913247457031067 12.722915815133745633192263381794760501773518965712 12.721328362066752123580300159606306014399609460172
